5 0.246848
10 0.292800
15 0.349760
20 0.419456
25 0.494304
30 0.591616
35 0.629248
40 0.671520
45 0.713248
50 0.794848
55 0.862592
60 0.935136
65 0.983168
70 1.066368
75 1.135136
80 1.182688
85 1.260512
90 1.309312
95 1.361440
100 1.401472
105 1.488192
110 1.523168
115 1.595776
120 1.658688
125 1.735392
130 1.796032
135 1.854560
140 1.935488
145 2.021824
150 2.075360
155 2.108320
160 2.169344
165 2.231648
170 2.287936
175 2.348672
180 2.411232
185 2.485984
190 2.551008
195 2.608448
200 2.669184
205 2.736608
210 2.804416
215 2.875008
220 2.930176
225 3.000992
230 3.047360
235 3.117600
240 3.183392
245 3.261088
250 3.322848
255 3.373760
260 3.430528
265 3.525952
270 3.577088
275 3.628160
280 3.693472
285 3.766656
290 3.848352
295 3.900672
300 3.958560
305 4.028768
310 4.109440
315 4.157376
320 4.211616
325 4.280096
330 4.357184
335 4.418080
340 4.484384
345 4.538848
350 4.602560
355 4.671328
360 4.729760
365 4.801440
370 4.883744
375 4.989184
380 5.021280
385 5.100224
390 5.168384
395 5.257344
400 5.309312
405 5.407648
410 5.451104
415 5.601472
420 5.598432
425 5.682144
430 5.740352
435 5.860864
440 5.880064
445 6.003200
450 6.034752
455 6.185568
460 6.162048
465 6.260384
470 6.310848
475 6.425952
480 6.447296
485 6.539360
490 6.585888
495 6.752448
500 6.760544
505 6.962848
510 6.931744
515 7.004608
520 7.009920
525 7.248992
530 7.232576
535 7.490112
540 7.332416
545 7.428864
550 7.454304
555 7.574592
560 7.577600
565 7.715872
570 7.748928
575 7.896992
580 7.876736
585 7.984544
590 8.024096
595 8.141408
600 8.138624
605 8.261888
610 8.302048
615 8.467840
620 8.451072
625 8.555232
630 8.607744
635 8.735744
640 8.752992
645 8.851872
650 8.880000
655 9.064384
660 9.046560
665 9.162816
670 9.180064
675 9.322080
680 9.289504
685 9.450304
690 9.481056
695 9.677184
700 9.605280
705 9.742816
710 9.753024
715 9.906720
720 9.919328
725 10.228384
730 10.272352
735 10.442208
740 10.416928
745 10.541216
750 10.552704
755 10.716608
760 10.714048
765 10.827744
770 10.856000
775 11.055008
780 11.007136
785 11.198176
790 11.187616
795 11.329120
800 11.308512
805 11.446592
810 11.484096
815 11.677152
820 11.604448
825 11.727936
830 11.752064
835 11.946656
840 11.916576
845 12.200160
850 12.443168
855 12.684896
860 12.866400
865 12.631712
870 13.433824
875 12.653056
880 12.584384
885 12.760352
890 12.730400
895 12.915904
900 12.913280
905 13.055616
910 13.055872
915 13.214528
920 13.250720
925 13.326336
930 13.350752
935 13.579232
940 13.532768
945 13.641792
950 13.656704
955 13.843168
960 13.848576
965 13.928384
970 13.996288
975 14.210304
980 14.114304
985 14.290336
990 14.239584
995 14.399552
1000 14.487904
1005 14.665536
1010 14.634208
1015 14.848544
1020 14.667552
1025 14.910080
1030 14.938048
1035 15.088192
1040 15.019648
1045 15.307488
1050 15.138592
1055 15.332864
1060 15.247936
1065 15.420320
1070 15.412864
1075 15.580736
1080 15.634720
1085 15.484384
1090 15.683232
1095 15.918336
1100 15.695968
1105 15.959968
1110 15.955744
1115 16.139776
1120 16.302591
1125 16.093985
1130 16.219135
1135 16.489664
1140 16.403904
1145 16.282368
1150 16.522753
1155 16.451233
1160 16.482431
1165 16.784544
1170 16.689184
1175 17.629696
1180 16.896959
1185 17.075104
1190 17.074848
1195 17.047840
1200 17.217728
1205 17.175425
1210 17.144608
1215 17.408352
1220 17.341503
1225 17.399296
1230 17.622368
1235 17.564896
1240 17.646015
1245 17.821217
1250 17.736320
1255 18.065599
1260 17.977951
1265 18.123072
1270 18.158785
1275 18.191809
1280 18.302689
1285 18.313631
1290 18.481504
1295 18.613983
1300 18.545120
1305 18.652256
1310 18.605536
1315 18.783457
1320 18.800608
1325 18.865761
1330 18.875999
1335 19.231232
1340 19.138304
1345 19.171328
1350 19.221184
1355 19.327456
1360 19.316481
1365 19.465120
1370 19.494335
1375 19.780704
1380 19.696575
1385 19.715361
1390 20.108128
1395 20.845600
1400 20.349855
1405 20.046881
1410 20.037727
1415 20.305281
1420 20.230400
1425 20.469791
1430 20.378624
1435 20.559809
1440 20.519968
1445 20.606144
1450 20.757183
1455 21.031103
1460 20.949633
1465 21.024511
1470 21.015137
1475 21.199583
1480 21.222273
1485 21.254368
1490 21.266687
1495 21.577087
1500 21.477535
1505 21.554720
1510 21.609728
1515 21.747936
1520 21.759872
1525 21.821888
1530 21.849695
1535 22.125536
1540 22.006592
1545 22.232479
1550 22.120577
1555 22.350176
1560 22.337889
1565 22.469473
1570 22.735104
1575 24.399073
1580 22.584736
1585 22.731392
1590 22.701344
1595 22.947104
1600 22.880512
1605 23.087200
1610 22.955904
1615 23.216673
1620 23.319649
1625 23.425568
1630 23.380320
1635 23.523647
1640 23.517857
1645 23.688864
1650 23.718592
1655 23.935520
1660 23.868736
1665 23.938175
1670 23.891935
1675 24.113920
1680 24.131680
1685 24.270624
1690 24.262177
1695 24.496193
1700 24.471231
1705 24.602976
1710 24.506432
1715 24.696672
1720 25.134272
1725 25.035551
1730 24.911743
1735 25.073441
1740 25.022560
1745 25.253471
1750 25.097889
1755 25.210848
1760 25.377567
1765 25.440161
1770 25.340609
1775 25.739328
1780 25.757696
1785 25.757441
1790 25.770847
1795 26.011553
1800 26.106688
1805 26.040865
1810 26.129313
1815 26.323328
1820 26.251520
1825 26.436993
1830 26.542816
1835 26.629025
1840 26.676960
1845 26.710176
1850 27.513920
1855 26.955135
1860 26.891104
1865 26.987871
1870 26.936640
1875 27.272320
1880 27.327808
1885 27.387968
1890 27.373953
1895 27.640608
1900 27.477856
1905 27.596832
1910 27.589888
1915 27.833632
1920 27.892832
1925 27.995424
1930 27.797953
1935 28.216513
1940 28.211361
1945 28.154528
1950 28.269312
1955 28.361153
1960 28.478624
1965 28.568928
1970 28.647585
1975 28.861441
1980 28.767328
1985 28.869473
1990 28.943392
1995 29.128799
2000 28.805887
2005 29.230433
2010 29.281471
2015 29.446144
2020 29.424288
2025 29.667360
2030 29.551584
2035 29.719328
2040 29.610016
2045 29.823488
2050 29.951424
2055 30.184000
2060 30.238913
2065 30.366432
2070 30.363392
2075 30.653120
2080 30.623425
2085 30.831776
2090 30.772192
2095 30.988672
2100 30.894304
2105 31.146944
2110 31.029568
2115 31.248800
2120 31.252417
2125 31.415615
2130 31.483456
2135 31.718016
2140 31.576128
2145 31.846272
2150 31.854528
2155 32.423744
2160 32.099838
2165 32.251263
2170 32.159744
2175 32.578335
2180 32.473759
2185 32.681889
2190 32.660641
2195 32.840992
2200 32.870655
2205 32.978336
2210 32.971809
2215 33.303265
2220 33.140671
2225 33.195007
2230 33.297119
2235 33.448193
2240 33.736862
2245 33.757217
2250 33.832096
2255 33.981472
2260 33.939297
2265 34.091393
2270 34.050400
2275 34.360577
2280 34.315582
2285 34.395935
2290 34.509441
2295 34.805279
2300 34.781696
2305 34.864929
2310 34.953857
2315 35.085602
2320 35.216225
2325 35.372673
2330 35.266113
2335 35.596737
2340 35.503487
2345 35.716415
2350 35.798431
2355 36.044254
2360 35.915424
2365 35.977985
2370 36.039906
2375 36.247711
2380 36.244320
2385 36.432640
2390 36.443520
2395 36.647713
2400 37.554111
2405 36.850975
2410 36.920513
2415 37.166782
2420 37.252094
2425 37.232769
2430 37.252831
2435 37.488575
2440 37.473377
2445 37.526207
2450 37.619743
2455 37.960480
2460 37.752514
2465 38.095840
2470 38.084991
2475 38.248863
2480 38.217407
2485 38.388832
2490 38.444992
2495 38.704098
2500 38.643551
2505 38.872162
2510 38.912769
2515 39.157345
2520 39.105343
2525 39.284927
2530 39.226753
2535 39.570591
2540 40.178303
2545 39.690880
2550 39.713535
2555 39.852482
2560 39.889023
2565 39.985600
2570 40.083393
2575 40.335648
2580 40.227425
2585 40.401825
2590 40.459778
2595 40.717342
2600 40.670528
2605 40.830303
2610 40.858784
2615 41.304897
2620 41.217663
2625 41.314655
2630 41.370529
2635 41.563328
2640 41.529823
2645 41.683006
2650 41.733566
2655 42.003265
2660 41.870079
2665 42.076416
2670 42.975777
2675 42.418079
2680 42.423233
2685 42.449375
2690 42.526432
2695 42.733952
2700 42.784386
2705 42.819038
2710 42.925983
2715 43.173824
2720 43.261791
2725 43.460194
2730 44.493473
2735 43.612801
2740 43.551327
2745 43.725376
2750 43.671616
2755 44.040352
2760 44.052959
2765 44.144321
2770 44.170368
2775 44.450367
2780 44.555935
2785 44.572289
2790 44.617474
2795 44.794399
2800 45.153793
2805 45.037025
2810 45.010529
2815 45.389473
2820 45.290848
2825 45.384129
2830 45.513985
2835 45.752705
2840 45.744034
2845 45.792480
2850 45.908543
2855 46.197441
2860 46.143681
2865 46.224895
2870 46.316864
2875 46.520447
2880 46.729633
2885 46.722881
2890 46.698784
2895 47.065922
2900 46.992031
2905 47.217728
2910 47.190018
2915 47.422977
2920 47.593246
2925 47.725121
2930 47.647968
2935 47.908512
2940 47.868927
2945 47.998112
2950 48.102112
2955 48.205696
2960 48.378784
2965 48.470978
2970 48.548801
2975 48.810944
2980 48.664577
2985 48.943905
2990 48.965919
2995 49.244225
3000 49.321182
3005 49.291840
3010 49.432289
3015 49.723328
3020 49.649601
3025 49.800831
3030 49.894207
3035 50.139874
3040 50.212383
3045 50.230209
3050 50.383617
3055 50.627167
3060 50.392574
3065 50.576286
3070 50.571457
3075 50.909664
3080 51.054623
3085 51.090015
3090 51.061951
3095 51.125118
3100 51.179039
3105 51.351646
3110 51.337471
3115 51.540703
3120 51.529343
3125 51.736416
3130 51.791264
3135 52.055519
3140 52.023937
3145 52.132545
3150 52.110081
3155 52.280865
3160 52.380928
3165 52.364799
3170 52.417122
3175 52.953026
3180 52.759647
3185 53.028225
3190 52.808704
3195 53.031616
3200 53.306721
3205 53.376225
3210 53.357346
3215 53.692417
3220 53.680801
3225 53.692863
3230 54.572990
3235 53.871647
3240 54.229504
3245 54.263905
3250 54.120384
3255 54.475647
3260 54.452129
3265 54.652927
3270 54.520191
3275 54.706402
3280 54.786976
3285 54.747711
3290 55.013824
3295 55.191170
3300 55.278687
3305 55.140320
3310 55.978912
3315 56.893566
3320 56.901154
3325 56.691360
3330 56.614017
3335 57.036350
3340 56.939487
3345 57.327778
3350 56.936897
3355 57.976097
3360 57.654305
3365 57.496223
3370 57.287872
3375 57.746975
3380 57.564960
3385 58.305855
3390 66.924004
3395 58.369919
3400 58.223328
3405 58.260063
3410 58.302208
3415 58.455841
3420 58.579231
3425 60.079487
3430 58.994080
3435 58.836800
3440 58.911457
3445 58.883743
3450 59.033504
3455 59.596161
3460 66.150749
3465 59.853058
3470 59.353504
3475 59.838367
3480 59.896095
3485 60.017056
3490 60.084545
3495 61.629280
3500 60.633759
3505 60.755360
3510 60.404320
3515 60.555359
3520 60.566399
3525 61.059231
3530 62.262463
3535 61.421024
3540 60.857407
3545 61.058784
3550 61.039425
3555 61.378368
3560 61.418144
3565 61.896065
3570 61.631935
3575 61.793823
3580 62.206337
3585 62.029057
3590 62.049122
3595 65.017281
3600 62.459232
3605 62.472961
3610 62.458271
3615 62.939648
3620 62.553856
3625 62.860386
3630 63.669697
3635 63.269825
3640 63.001503
3645 63.239712
3650 63.121506
3655 63.514210
3660 63.985184
3665 63.768383
3670 63.699295
3675 63.982689
3680 64.436768
3685 64.090370
3690 64.258110
3695 65.069565
3700 64.441566
3705 64.645599
3710 64.479012
3715 64.684509
3720 65.248062
3725 65.171104
3730 64.985794
3735 65.412125
3740 65.265663
3745 65.307037
3750 65.591843
3755 65.905472
3760 65.509758
3765 65.821053
3770 65.844322
3775 66.175812
3780 66.135742
3785 67.430016
3790 66.713249
3795 66.349983
3800 66.377571
3805 66.673058
3810 66.530815
3815 67.816833
3820 67.117981
3825 67.148094
3830 67.133186
3835 67.557091
3840 67.361092
3845 67.720192
3850 67.658943
3855 67.991104
3860 67.856384
3865 68.123840
3870 67.900833
3875 68.519745
3880 68.152702
3885 68.817566
3890 68.269501
3895 68.575134
3900 69.634399
3905 69.075394
3910 68.958366
3915 68.951073
3920 69.150177
3925 69.251999
3930 69.922531
3935 69.518974
3940 69.367104
3945 69.673058
3950 69.453697
3955 69.990303
3960 70.323586
3965 70.235390
3970 70.100510
3975 70.604866
3980 70.530083
3985 71.262878
3990 70.620033
3995 70.967972
4000 70.954430
4005 70.919456
4010 71.434593
4015 71.440575
4020 71.244865
4025 71.509056
4030 71.621948
4035 71.719810
4040 72.326622
4045 71.845154
4050 71.957535
4055 72.255676
4060 72.280289
4065 73.286339
4070 72.547043
4075 72.569443
4080 72.622658
4085 72.820061
4090 74.353790
4095 73.371040
4100 73.142204
4105 73.468704
4110 73.431908
4115 74.312546
4120 73.438049
4125 73.821602
4130 74.043907
4135 74.417854
4140 74.786179
4145 74.384605
4150 74.476257
4155 74.551071
4160 74.531517
4165 76.139748
4170 75.451683
4175 75.613731
4180 75.085091
4185 75.439651
4190 77.234718
4195 75.729309
4200 75.439171
4205 76.011681
4210 76.041824
4215 76.533150
4220 76.178398
4225 76.366081
4230 76.198593
4235 76.634659
4240 77.598335
4245 76.854080
4250 76.881310
4255 77.286369
4260 77.618401
4265 77.779037
4270 77.347649
4275 78.001373
4280 77.779938
4285 79.560318
4290 78.201981
4295 78.524864
4300 78.237602
4305 78.302269
4310 79.446404
4315 78.646240
4320 79.019524
4325 79.289795
4330 78.739647
4335 79.772224
4340 79.063744
4345 79.276733
4350 79.434593
4355 80.866333
4360 79.935616
4365 79.913567
4370 79.988449
4375 80.657471
4380 80.574051
4385 80.250305
4390 80.508286
4395 80.967422
4400 85.046173
4405 80.991264
4410 81.280190
4415 81.730560
4420 81.232162
4425 81.872673
4430 81.560608
4435 81.689217
4440 81.713860
4445 82.326721
4450 82.035683
4455 82.471710
4460 82.233215
4465 84.916771
4470 82.771935
4475 83.129890
4480 82.713860
4485 83.197090
4490 83.387520
4495 83.336449
4500 83.187454
4505 83.618401
4510 84.545532
4515 83.797951
4520 84.116867
4525 84.174721
4530 84.033539
4535 84.873695
4540 84.469795
4545 84.678207
4550 84.876579
4555 85.294594
4560 84.768066
4565 85.273315
4570 84.946526
4575 85.830338
4580 85.143265
4585 85.768227
4590 85.904671
4595 86.307678
4600 85.861504
4605 86.312317
4610 86.608322
4615 88.472893
4620 86.750687
4625 86.895042
4630 86.634018
4635 87.845314
4640 86.821983
4645 87.066399
4650 87.208893
4655 88.665283
4660 87.369308
4665 87.803139
4670 87.953468
4675 89.688515
4680 87.904541
4685 88.201920
4690 88.610786
4695 91.107010
4700 88.576607
4705 88.960861
4710 89.013184
4715 91.434593
4720 89.026909
4725 89.229889
4730 89.813248
4735 90.149277
4740 89.636292
4745 89.735138
4750 89.660446
4755 90.606018
4760 90.285469
4765 90.361694
4770 90.397308
4775 91.279938
4780 90.567551
4785 90.814751
4790 91.190269
4795 91.749374
4800 91.099136
4805 91.255615
4810 99.905342
4815 92.228447
4820 91.921181
4825 91.745857
4830 92.962944
4835 92.377953
4840 92.384644
4845 92.857407
4850 92.657501
4855 92.835396
4860 93.399712
4865 93.037666
4870 93.317505
4875 93.264420
4880 93.939682
4885 94.934174
4890 93.379875
4895 93.770370
4900 94.201790
4905 94.773628
4910 94.319901
4915 94.060768
4920 94.494560
4925 94.532639
4930 94.414207
4935 95.226562
4940 95.489182
4945 94.988449
4950 95.126976
4955 94.993217
4960 96.254723
4965 95.701920
4970 95.570206
4975 106.984161
4980 96.056290
4985 96.696579
4990 96.226143
4995 97.156258
5000 96.927071