5 0.002000
10 0.002000
15 0.005000
20 0.011000
25 0.021000
30 0.034000
35 0.052000
40 0.077000
45 0.117000
50 0.147000
55 0.203000
60 0.251000
65 0.317000
70 0.400000
75 0.485000
80 0.589000
85 0.713000
90 0.854000
95 0.995000
100 1.186000
105 1.402000
110 1.572000
115 1.798000
120 2.026000
125 2.286000
130 2.562000
135 2.885000
140 3.186000
145 3.540000
150 3.900000
155 4.290000
160 4.725000
165 5.170000
170 5.692000
175 6.178000
180 6.743000
185 7.275000
190 7.875000
195 8.525000
200 9.181001
205 9.882000
210 10.592000
215 11.389999
220 12.177000
225 13.089999
230 13.947000
235 14.932000
240 15.905001
245 16.813000
250 17.881001
255 18.904001
260 20.083000
265 21.439999
270 23.340000
275 24.580000
280 25.187000
285 26.425001
290 27.840000
295 29.314001
300 30.796999
305 32.405998
310 34.054996
315 35.632000
320 37.359001
325 39.105999
330 40.943001
335 42.848999
340 44.799999
345 46.778000
350 48.790001
355 50.986000
360 53.202000
365 55.357002
370 57.760998
375 60.150002
380 62.600002
385 64.960007
390 67.634003
395 70.072006
400 72.798996
405 75.623001
410 78.442001
415 81.416000
420 84.276993
425 87.241005
430 90.967003
435 93.618996
440 96.950005
445 100.148994
450 103.895996
455 109.711998
460 110.772995
465 114.284996
470 117.951996
475 121.778999
480 125.625999
485 129.626999
490 133.638000
495 137.789001
500 142.339005
505 146.412994
510 151.410004
515 155.196991
520 159.719009
525 164.307999
530 169.182007
535 173.829010
540 178.701004
545 183.882996
550 188.984009
555 193.919998
560 199.395996
565 205.328995
570 210.401993
575 215.789001
580 221.369995
585 227.378998
590 232.907990
595 238.800003
600 244.875992
605 251.356995
610 258.260986
615 263.697998
620 270.570007
625 277.966003
630 291.410004
635 290.664001
640 297.292999
645 305.135986
650 311.374023
655 318.934998
660 327.716003
665 333.695007
670 340.848999
675 349.209015
680 356.570007
685 364.376007
690 373.115997
695 381.289001
700 389.191986
705 397.199005
710 405.274017
715 414.139008
720 428.182007
725 432.380005
730 440.580994
735 449.858978
740 458.916016
745 473.707001
750 479.377014
755 487.540009
760 496.970001
765 509.898010
770 517.750000
775 526.903992
780 538.427979
785 610.583008
790 619.817993
795 623.799011
800 643.911011
805 692.994995
810 659.915955
815 687.664978
820 711.386047
825 709.921997
830 712.346008
835 769.370972
840 735.624023
845 756.941040
850 776.800964
855 779.817993
860 803.690002
865 828.713013
870 817.516052
875 867.713989
880 854.429016
885 861.419006
890 898.123962
895 895.924988
900 927.389038
905 924.645996
910 962.708984
915 964.822021
920 980.270996
925 992.125000
930 1001.855957
935 1051.103027
940 1030.225952
945 1080.034058
950 1076.300049
955 1109.402954
960 1097.577026
965 1159.309937
970 1137.348022
975 1192.000000
980 1174.451904
985 1199.679932
990 1237.408081
995 1241.052002
1000 1259.897949
1005 1264.049072
1010 1309.555054
1015 1306.992065
1020 1336.501953
1025 1372.333008
1030 1359.120972
1035 1398.285034
1040 1429.880005
1045 1422.802002
1050 1470.049927
1055 1486.675049
1060 1488.224976
1065 1515.663940
1070 1555.114990
1075 1549.896973
1080 1599.541992
1085 1604.740967
1090 1633.470093
1095 1633.157959
1100 1683.660034
1105 1699.625000
1110 1725.327026
1115 1742.720947
1120 1766.126953
1125 1789.914917
1130 1815.157959
1135 1857.193970
1140 1913.729980
1145 1900.536987
1150 1907.740967
1155 1928.220093
1160 1978.477051
1165 1985.818970
1170 2043.319946
1175 2045.844116
1180 2085.702881
1185 2096.191895
1190 2123.967041
1195 2190.027832
1200 2183.155029
1205 2204.981201
1210 2223.627930
1215 2270.157959
1220 2300.183105
1225 2309.954834
1230 2341.832031
1235 2382.781006
1240 2397.234863
1245 2441.112061
1250 2470.820801
1255 2505.147949
1260 2539.546875
1265 2564.854004
1270 2578.839111
1275 2606.182129
1280 2654.356934
1285 2686.468994
1290 2435.020996
1295 2460.993896
1300 2495.640137
1305 2533.191895
1310 2554.780029
1315 2577.291016
1320 2614.554932
1325 2644.819092
1330 2665.790039
1335 2705.878906
1340 2733.478027
1345 2757.756104
1350 2804.121094
1355 2828.793945
1360 2853.548096
1365 2885.688965
1370 2928.869873
1375 2949.848877
1380 2991.214111
1385 3016.423828
1390 3053.586914
1395 3090.372070
1400 3114.077148
1405 3159.205078
1410 3181.548096
1415 3225.074951
1420 3250.241943
1425 3304.476074
1430 3320.871094
1435 3367.762939
1440 3392.328857
1445 3443.630859
1450 3468.796875
1455 3510.146973
1460 3546.720947
1465 3584.409912
1470 3621.177979
1475 3673.119141
1480 3698.641113
1485 3753.089844
1490 3777.054932
1495 3818.414062
1500 3838.074951
1505 3910.659912
1510 3927.234863
1515 3970.468994
1520 4010.017822
1525 4049.473877
1530 4089.651123
1535 4141.633789
1540 4185.973145
1545 4215.712891
1550 4260.921875
1555 4302.179688
1560 4339.132812
1565 4377.564941
1570 4422.939941
1575 4498.379395
1580 4500.960938
1585 4549.949219
1590 4602.814941
1595 4635.941895
1600 4674.958984
1605 4730.727051
1610 4766.557129
1615 4818.225098
1620 4862.201172
1625 4905.471680
1630 4953.708984
1635 5000.927734
1640 5060.941406
1645 5094.637695
1650 5139.778320
1655 5191.935059
1660 5238.608887
1665 5281.813965
1670 5342.390137
1675 5381.174316
1680 5427.124023
1685 5473.744629
1690 5526.239746
1695 5576.070801
1700 5628.245605
1705 5685.172852
1710 5729.510742
1715 5772.227539
1720 5830.983887
1725 5885.755859
1730 5937.373047
1735 6004.751953
1740 6039.409180
1745 6088.827148
1750 6137.632812
1755 6192.241211
1760 6251.721680
1765 6301.146973
1770 6359.569824
1775 6438.788086
1780 6477.307617
1785 6523.321289
1790 6590.291992
1795 6643.705078
1800 6703.112305
1805 6750.390137
1810 6807.729004
1815 6859.345703
1820 6910.206055
1825 6977.903809
1830 7033.665039
1835 7090.776855
1840 7169.534180
1845 7212.554688
1850 7267.159180
1855 7329.092773
1860 7379.632812
1865 7452.107910
1870 7500.255859
1875 7575.770020
1880 7629.960938
1885 7694.191895
1890 7759.762695
1895 7812.849121
1900 7876.802734
1905 7935.314941
1910 8007.975586
1915 8071.167969
1920 8131.073730
1925 8197.435547
1930 8277.282227
1935 8335.824219
1940 8407.551758
1945 8466.238281
1950 8527.750000
1955 8595.254883
1960 8670.164062
1965 8735.071289
1970 8808.839844
1975 8855.305664
1980 8935.731445
1985 8997.617188
1990 9059.663086
1995 9132.919922
2000 9202.729492
2005 9276.541016
2010 9376.923828
2015 9414.598633
2020 9477.021484
2025 9573.785156
2030 9650.305664
2035 9704.149414
2040 9804.498047
2045 9938.018555
2050 9925.283203
2055 9977.513672
2060 10051.492188
2065 10130.303711
2070 10213.246094
2075 10278.476562
2080 10350.892578
2085 10425.698242
2090 10497.984375
2095 10599.479492
2100 10665.934570
2105 10734.308594
2110 10811.720703
2115 10906.185547
2120 10974.130859
2125 11070.569336
2130 11141.996094
2135 11222.741211
2140 11303.684570
2145 11397.762695
2150 11438.093750
2155 11536.185547
2160 11615.078125
2165 11695.862305
2170 11778.105469
2175 11844.751953
2180 11938.306641
2185 12015.376953
2190 12130.075195
2195 12203.932617
2200 12266.136719
2205 12365.591797
2210 12439.846680
2215 12539.133789
2220 12606.783203
2225 12715.460938
2230 12800.785156
2235 12875.750977
2240 12970.028320
2245 13035.691406
2250 13134.326172
2255 13217.291016
2260 13310.279297
2265 13407.418945
2270 13491.456055
2275 13571.342773
2280 13670.998047
2285 13763.325195
2290 13832.307617
2295 13940.276367
2300 14059.910156
2305 14116.808594
2310 14218.594727
2315 14318.495117
2320 14409.609375
2325 14492.215820
2330 14587.594727
2335 14684.438477
2340 14776.459961
2345 14876.087891
2350 14961.762695
2355 15065.883789
2360 15165.351562
2365 15260.378906
2370 15367.385742
2375 15466.214844
2380 15549.951172
2385 15669.518555
2390 15776.351562
2395 15855.690430
2400 16063.506836
2405 16103.609375
2410 16138.259766
2415 16294.311523
2420 16345.907227
2425 16453.210938
2430 16570.347656
2435 16711.580078
2440 16768.554688
2445 16993.357422
2450 17008.890625
2455 17110.576172
2460 17188.800781
2465 17311.486328
2470 17390.806641
2475 17530.304688
2480 17612.755859
2485 17704.816406
2490 17891.730469
2495 17949.591797
2500 18045.017578
2505 18152.398438
2510 18242.150391
2515 18368.966797
2520 18524.019531
2525 18594.546875
2530 18700.056641
2535 18870.335938
2540 18929.175781
2545 19045.285156
2550 19162.867188
2555 19363.716797
2560 19398.630859
2565 19506.023438
2570 19617.800781
2575 19727.707031
2580 19881.544922
2585 19981.757812
2590 20051.269531
2595 20190.373047
2600 20299.167969
2605 20423.369141
2610 20525.169922
2615 20652.412109
2620 20782.207031
2625 20902.599609
2630 21015.261719
2635 21129.699219
2640 21271.828125
2645 21394.945312
2650 21520.062500
2655 21630.826172
2660 21766.886719
2665 21867.279297
2670 21998.812500
2675 22129.025391
2680 22257.042969
2685 22393.572266
2690 22486.414062
2695 22618.779297
2700 22755.574219
2705 22874.595703
2710 22996.507812
2715 23137.986328
2720 23274.789062
2725 23455.402344
2730 23563.144531
2735 23698.781250
2740 23837.033203
2745 23977.244141
2750 24047.996094
2755 24178.007812
2760 24314.117188
2765 24449.603516
2770 24588.375000
2775 24741.023438
2780 24824.414062
2785 24970.271484
2790 25100.548828
2795 25251.804688
2800 25380.263672
2805 25513.949219
2810 25648.064453
2815 25788.000000
2820 25898.207031
2825 26051.216797
2830 26224.308594
2835 26324.957031
2840 26499.552734
2845 26631.841797
2850 26773.078125
2855 27174.035156
2860 27209.527344
2865 27221.474609
2870 27376.960938
2875 27497.353516
2880 27645.216797
2885 27825.656250
2890 27859.195312
2895 28018.160156
2900 28214.105469
2905 28320.455078
2910 28481.111328
2915 28611.132812
2920 28767.326172
2925 28921.689453
2930 29056.916016
2935 29216.748047
2940 29367.087891
2945 29531.257812
2950 29681.996094
2955 29870.515625
2960 29998.873047
2965 30149.369141
2970 30268.871094
2975 30506.060547
2980 30599.943359
2985 30769.748047
2990 30906.015625
2995 31046.935547
3000 31218.919922
3005 31369.556641
3010 31559.046875
3015 31666.259766
3020 31854.535156
3025 32033.771484
3030 32165.398438
3035 32325.908203
3040 32485.419922
3045 32665.730469
3050 32798.007812
3055 32946.839844
3060 33198.277344
3065 33280.296875
3070 33608.960938
3075 33611.750000
3080 33773.039062
3085 33938.109375
3090 34115.253906
3095 34252.164062
3100 34411.816406
3105 34594.429688
3110 34792.328125
3115 34918.914062
3120 35155.265625
3125 35294.085938
3130 35433.308594
3135 35601.347656
3140 35780.421875
3145 35931.750000
3150 36125.949219
3155 36314.144531
3160 36527.367188
3165 36656.519531
3170 36842.816406
3175 37094.714844
3180 37306.558594
3185 37337.914062
3190 37502.226562
3195 37722.175781
3200 37917.546875
3205 38109.285156
3210 38277.375000
3215 38414.785156
3220 38564.113281
3225 38771.894531
3230 38947.777344
3235 39119.832031
3240 39309.296875
3245 39465.652344
3250 39665.972656
3255 39872.933594
3260 40076.832031
3265 40232.558594
3270 40458.695312
3275 40625.011719
3280 40813.347656
3285 40962.890625
3290 41199.917969
3295 41421.988281
3300 41537.265625
3305 41716.800781
3310 41939.101562
3315 42087.761719
3320 42285.187500
3325 42516.003906
3330 42686.679688
3335 42869.671875
3340 43064.261719
3345 43256.359375
3350 43475.464844
3355 43665.105469
3360 43846.972656
3365 44048.089844
3370 44259.195312
3375 44447.792969
3380 44640.000000
3385 44875.496094
3390 45067.058594
3395 45216.457031
3400 45421.113281
3405 45648.007812
3410 45860.617188
3415 45993.902344
3420 46427.496094
3425 46473.781250
3430 46726.128906
3435 46871.617188
3440 47036.875000
3445 47222.519531
3450 47445.425781
3455 47695.714844
3460 47867.839844
3465 48097.777344
3470 48295.835938
3475 48479.750000
3480 48697.882812
3485 48903.976562
3490 49129.421875
3495 49354.277344
3500 49545.562500
3505 49769.445312
3510 49965.648438
3515 50192.148438
3520 50445.488281
3525 50657.792969
3530 50852.316406
3535 51063.050781
3540 51300.730469
3545 51537.046875
3550 51742.402344
3555 51971.160156
3560 52131.257812
3565 52522.738281
3570 52614.300781
3575 52850.796875
3580 53083.730469
3585 53257.589844
3590 53470.953125
3595 53702.195312
3600 53907.351562
3605 54150.714844
3610 54413.609375
3615 54619.175781
3620 54823.718750
3625 55075.214844
3630 55401.406250
3635 55499.867188
3640 55745.894531
3645 56020.664062
3650 56290.601562
3655 56471.949219
3660 56699.757812
3665 56929.570312
3670 57175.726562
3675 57512.667969
3680 57631.878906
3685 57833.625000
3690 58071.417969
3695 58319.117188
3700 58572.875000
3705 58779.058594
3710 59147.468750
3715 59264.855469
3720 59518.304688
3725 59774.093750
3730 60085.250000
3735 60265.199219
3740 60531.613281
3745 60793.753906
3750 60997.316406
3755 61392.519531
3760 61456.929688
3765 61683.406250
3770 61995.207031
3775 62212.914062
3780 62529.277344
3785 62725.238281
3790 63020.574219
3795 63242.941406
3800 63476.640625
3805 63775.328125
3810 63941.828125
3815 64199.507812
3820 64448.234375
3825 64740.890625
3830 65002.097656
3835 65256.570312
3840 65447.449219
3845 65708.890625
3850 66038.976562
3855 66272.929688
3860 66455.531250
3865 66737.351562
3870 67047.453125
3875 67280.960938
3880 67598.679688
3885 67812.164062
3890 68075.562500
3895 68342.484375
3900 68607.742188
3905 68850.992188
3910 69134.593750
3915 69447.343750
3920 69691.007812
3925 69980.593750
3930 70208.218750
3935 70445.132812
3940 70807.875000
3945 71025.695312
3950 71322.078125
3955 71545.000000
3960 71799.632812
3965 72106.367188
3970 72359.015625
3975 72613.429688
3980 72933.515625
3985 73176.242188
3990 73480.062500
3995 73725.867188
4000 73967.500000
4005 74252.320312
4010 74542.500000
4015 74854.953125
4020 75111.429688
4025 75369.664062
4030 75732.593750
4035 75996.117188
4040 76258.773438
4045 76555.375000
4050 76857.609375
4055 77154.453125
4060 77455.617188
4065 77716.476562
4070 78034.437500
4075 78308.226562
4080 78596.968750
4085 78873.171875
4090 79244.531250
4095 79394.703125
4100 79765.023438
4105 80045.039062
4110 80322.992188
4115 80610.531250
4120 80928.585938
4125 81144.726562
4130 81494.546875
4135 81713.929688
4140 82150.703125
4145 82310.640625
4150 82591.179688
4155 82939.117188
4160 83249.515625
4165 83550.937500
4170 83849.007812
4175 84216.226562
4180 84472.968750
4185 84746.851562
4190 85021.640625
4195 85330.328125
4200 85635.578125
4205 86035.226562
4210 86227.968750
4215 86581.882812
4220 86970.375000
4225 87195.843750
4230 87485.984375
4235 87906.757812
4240 88201.710938
4245 88441.750000
4250 88779.773438
4255 89059.218750
4260 89410.414062
4265 89732.062500
4270 90087.960938
4275 90338.179688
4280 90616.132812
4285 90978.062500
4290 91306.375000
4295 91594.148438
4300 91918.453125
4305 92201.281250
4310 92531.359375
4315 92894.679688
4320 93224.757812
4325 93503.921875
4330 93927.195312
4335 94237.101562
4340 94531.687500
4345 94874.789062
4350 95268.632812
4355 95449.000000
4360 95796.390625
4365 96127.437500
4370 96465.406250
4375 96802.531250
4380 97163.164062
4385 97459.835938
4390 97787.062500
4395 98143.539062
4400 98556.773438
4405 98842.726562
4410 99111.914062
4415 99501.679688
4420 99834.695312
4425 100258.835938
4430 100490.750000
4435 100882.687500
4440 101204.914062
4445 101614.445312
4450 101797.203125
4455 102307.812500
4460 102579.593750
4465 102893.773438
4470 103272.062500
4475 103652.343750
4480 103952.046875
4485 104344.046875
4490 104669.625000
4495 105059.804688
4500 105365.890625
4505 105694.648438
4510 105973.281250
4515 106340.460938
4520 106753.015625
4525 107132.796875
4530 107460.718750
4535 107795.515625
4540 108149.351562
4545 108502.125000
4550 108947.273438
4555 109330.968750
4560 109581.812500
4565 109957.828125
4570 110278.070312
4575 110702.179688
4580 111094.976562
4585 111412.195312
4590 111827.703125
4595 112109.367188
4600 112465.632812
4605 112876.875000
4610 113213.390625
4615 113747.078125
4620 113918.265625
4625 102813.539062
4630 103126.609375
4635 103570.429688
4640 103835.570312
4645 104155.617188
4650 104484.390625
4655 104843.039062
4660 105170.750000
4665 105567.421875
4670 105882.867188
4675 106273.726562
4680 106584.117188
4685 106899.210938
4690 107224.625000
4695 107575.406250
4700 107895.367188
4705 108268.460938
4710 108601.500000
4715 108952.140625
4720 109311.898438
4725 109646.421875
4730 109990.921875
4735 110340.625000
4740 110677.335938
4745 111052.398438
4750 111395.085938
4755 111748.234375
4760 112132.960938
4765 112487.203125
4770 112865.421875
4775 113198.078125
4780 113511.031250
4785 113866.101562
4790 114270.140625
4795 114654.281250
4800 114952.789062
4805 115309.851562
4810 115720.617188
4815 116058.242188
4820 116436.359375
4825 116806.117188
4830 117141.695312
4835 117493.757812
4840 117860.445312
4845 118234.976562
4850 118619.351562
4855 118984.460938
4860 119387.351562
4865 119666.710938
4870 120040.390625
4875 120410.828125
4880 120816.992188
4885 121217.375000
4890 121596.882812
4895 121933.273438
4900 122302.515625
4905 122677.382812
4910 123080.890625
4915 123443.500000
4920 123853.460938
4925 124223.265625
4930 124581.203125
4935 124973.437500
4940 125318.382812
4945 125751.937500
4950 126098.328125
4955 126465.250000
4960 126851.273438
4965 127271.343750
4970 127716.992188
4975 128075.695312
4980 128457.765625
4985 128841.656250
4990 129220.781250
4995 129574.343750
5000 129949.734375
